Min    = -0.0006517132279
Max    = 0.4214580655
Mean   = 0.0004812390544
Median = -3.375669621e-05
Mode   = -0.0002919608087
Sigma  = 0.0100738164
Inner_mu    = 5.605873594e-05   # FitInnerSigma = 5.0
Inner_sigma = 0.00123102183   # FitInnerSigma = 5.0
Gaussian_A     = 27652.37047
Gaussian_mu    = -0.0001592736868
Gaussian_sigma = 0.0004388332204
